SlotID	RoundsPlayed	RoundsWon	CreditsUsed	CreditsWon	PayBackRate	HitRate
Slot1	1	0	3	0	0	0
Slot1	2	0	6	0	0	0
Slot1	3	0	9	0	0	0
Slot1	4	0	12	0	0	0
Slot1	5	0	15	0	0	0
Slot1	6	0	18	0	0	0
Slot1	7	0	21	0	0	0
Slot1	8	0	24	0	0	0
Slot1	9	0	27	0	0	0
Slot1	10	0	30	0	0	0
Slot1	11	0	33	0	0	0
Slot1	12	0	36	0	0	0
Slot1	13	1	39	100	2.5641	0.0769231
Slot1	14	1	42	100	2.38095	0.0714286
Slot1	15	1	45	100	2.22222	0.0666667
Slot1	16	1	48	100	2.08333	0.0625
Slot1	17	1	51	100	1.96078	0.0588235
Slot1	18	1	54	100	1.85185	0.0555556
Slot1	19	1	57	100	1.75439	0.0526316
Slot1	20	1	60	100	1.66667	0.05
Slot1	21	1	63	100	1.5873	0.047619
Slot1	22	1	66	100	1.51515	0.0454545
Slot1	23	1	69	100	1.44928	0.0434783
Slot1	24	1	72	100	1.38889	0.0416667
Slot1	25	1	75	100	1.33333	0.04
Slot1	26	1	78	100	1.28205	0.0384615
Slot1	27	1	81	100	1.23457	0.037037
Slot1	28	1	84	100	1.19048	0.0357143
Slot1	29	1	87	100	1.14943	0.0344828
Slot1	30	1	90	100	1.11111	0.0333333
Slot1	31	1	93	100	1.07527	0.0322581
Slot1	32	1	96	100	1.04167	0.03125
Slot1	33	1	99	100	1.0101	0.030303
Slot1	34	1	102	100	0.980392	0.0294118
Slot1	35	1	105	100	0.952381	0.0285714
Slot1	36	1	108	100	0.925926	0.0277778
Slot1	37	1	111	100	0.900901	0.027027
Slot1	38	1	114	100	0.877193	0.0263158
Slot1	39	1	117	100	0.854701	0.025641
Slot1	40	1	120	100	0.833333	0.025
Slot1	41	1	123	100	0.813008	0.0243902
Slot1	42	1	126	100	0.793651	0.0238095
Slot1	43	1	129	100	0.775194	0.0232558
Slot1	44	1	132	100	0.757576	0.0227273
Slot1	45	1	135	100	0.740741	0.0222222
Slot1	46	1	138	100	0.724638	0.0217391
Slot1	47	1	141	100	0.70922	0.0212766
Slot1	48	1	144	100	0.694444	0.0208333
Slot1	49	1	147	100	0.680272	0.0204082
Slot1	50	1	150	100	0.666667	0.02
Slot1	51	1	153	100	0.653595	0.0196078
Slot1	52	1	156	100	0.641026	0.0192308
Slot1	53	1	159	100	0.628931	0.0188679
Slot1	54	1	162	100	0.617284	0.0185185
Slot1	55	1	165	100	0.606061	0.0181818
Slot1	56	1	168	100	0.595238	0.0178571
Slot1	57	1	171	100	0.584795	0.0175439
Slot1	58	1	174	100	0.574713	0.0172414
Slot1	59	1	177	100	0.564972	0.0169492
Slot1	60	1	180	100	0.555556	0.0166667
Slot1	61	1	183	100	0.546448	0.0163934
Slot1	62	2	186	200	1.07527	0.0322581
Slot1	63	2	189	200	1.0582	0.031746
Slot1	64	2	192	200	1.04167	0.03125
Slot1	65	2	195	200	1.02564	0.0307692
Slot1	66	2	198	200	1.0101	0.030303
Slot1	67	2	201	200	0.995025	0.0298507
Slot1	68	2	204	200	0.980392	0.0294118
Slot1	69	2	207	200	0.966184	0.0289855
Slot1	70	2	210	200	0.952381	0.0285714
Slot1	71	2	213	200	0.938967	0.028169
Slot1	72	2	216	200	0.925926	0.0277778
Slot1	73	2	219	200	0.913242	0.0273973
Slot1	74	2	222	200	0.900901	0.027027
Slot1	75	2	225	200	0.888889	0.0266667
Slot1	76	2	228	200	0.877193	0.0263158
Slot1	77	2	231	200	0.865801	0.025974
Slot1	78	2	234	200	0.854701	0.025641
Slot1	79	2	237	200	0.843882	0.0253165
Slot1	80	2	240	200	0.833333	0.025
Slot1	81	2	243	200	0.823045	0.0246914
Slot1	82	3	246	300	1.21951	0.0365854
Slot1	83	3	249	300	1.20482	0.0361446
Slot1	84	3	252	300	1.19048	0.0357143
Slot1	85	3	255	300	1.17647	0.0352941
Slot1	86	3	258	300	1.16279	0.0348837
Slot1	87	3	261	300	1.14943	0.0344828
Slot1	88	3	264	300	1.13636	0.0340909
Slot1	89	3	267	300	1.1236	0.0337079
Slot1	90	3	270	300	1.11111	0.0333333
Slot1	91	3	273	300	1.0989	0.032967
Slot1	92	3	276	300	1.08696	0.0326087
Slot1	93	3	279	300	1.07527	0.0322581
Slot1	94	3	282	300	1.06383	0.0319149
Slot1	95	3	285	300	1.05263	0.0315789
Slot1	96	3	288	300	1.04167	0.03125
Slot1	97	3	291	300	1.03093	0.0309278
Slot1	98	3	294	300	1.02041	0.0306122
Slot1	99	3	297	300	1.0101	0.030303
Slot1	100	3	300	300	1	0.03
Slot1	101	3	303	300	0.990099	0.029703
Slot1	102	3	306	300	0.980392	0.0294118
Slot1	103	3	309	300	0.970874	0.0291262
Slot1	104	3	312	300	0.961538	0.0288462
Slot1	105	3	315	300	0.952381	0.0285714
Slot1	106	3	318	300	0.943396	0.0283019
Slot1	107	3	321	300	0.934579	0.0280374
Slot1	108	3	324	300	0.925926	0.0277778
Slot1	109	3	327	300	0.917431	0.0275229
Slot1	110	3	330	300	0.909091	0.0272727
Slot1	111	3	333	300	0.900901	0.027027
Slot1	112	3	336	300	0.892857	0.0267857
Slot1	113	3	339	300	0.884956	0.0265487
Slot1	114	3	342	300	0.877193	0.0263158
Slot1	115	3	345	300	0.869565	0.026087
Slot1	116	3	348	300	0.862069	0.0258621
Slot1	117	3	351	300	0.854701	0.025641
Slot1	118	3	354	300	0.847458	0.0254237
Slot1	119	3	357	300	0.840336	0.0252101
Slot1	120	3	360	300	0.833333	0.025
Slot1	121	3	363	300	0.826446	0.0247934
Slot1	122	3	366	300	0.819672	0.0245902
Slot1	123	3	369	300	0.813008	0.0243902
Slot1	124	3	372	300	0.806452	0.0241935
Slot1	125	3	375	300	0.8	0.024
Slot1	126	3	378	300	0.793651	0.0238095
Slot1	127	3	381	300	0.787402	0.023622
Slot1	128	3	384	300	0.78125	0.0234375
Slot1	129	3	387	300	0.775194	0.0232558
Slot1	130	3	390	300	0.769231	0.0230769
Slot1	131	3	393	300	0.763359	0.0229008
Slot1	132	3	396	300	0.757576	0.0227273
Slot1	133	3	399	300	0.75188	0.0225564
Slot1	134	3	402	300	0.746269	0.0223881
Slot1	135	3	405	300	0.740741	0.0222222
Slot1	136	3	408	300	0.735294	0.0220588
Slot1	137	3	411	300	0.729927	0.0218978
Slot1	138	3	414	300	0.724638	0.0217391
Slot1	139	3	417	300	0.719424	0.0215827
Slot1	140	3	420	300	0.714286	0.0214286
Slot1	141	3	423	300	0.70922	0.0212766
Slot1	142	3	426	300	0.704225	0.0211268
Slot1	143	3	429	300	0.699301	0.020979
Slot1	144	3	432	300	0.694444	0.0208333
Slot1	145	3	435	300	0.689655	0.0206897
Slot1	146	3	438	300	0.684932	0.0205479
Slot1	147	3	441	300	0.680272	0.0204082
Slot1	148	3	444	300	0.675676	0.0202703
Slot1	149	3	447	300	0.671141	0.0201342
Slot1	150	3	450	300	0.666667	0.02
Slot1	151	3	453	300	0.662252	0.0198676
Slot1	152	3	456	300	0.657895	0.0197368
Slot1	153	3	459	300	0.653595	0.0196078
Slot1	154	3	462	300	0.649351	0.0194805
Slot1	155	3	465	300	0.645161	0.0193548
Slot1	156	3	468	300	0.641026	0.0192308
Slot1	157	3	471	300	0.636943	0.0191083
Slot1	158	3	474	300	0.632911	0.0189873
Slot1	159	3	477	300	0.628931	0.0188679
Slot1	160	3	480	300	0.625	0.01875
Slot1	161	3	483	300	0.621118	0.0186335
Slot1	162	3	486	300	0.617284	0.0185185
Slot1	163	3	489	300	0.613497	0.0184049
Slot1	164	3	492	300	0.609756	0.0182927
Slot1	165	3	495	300	0.606061	0.0181818
Slot1	166	3	498	300	0.60241	0.0180723
Slot1	167	3	501	300	0.598802	0.0179641
Slot1	168	3	504	300	0.595238	0.0178571
Slot1	169	3	507	300	0.591716	0.0177515
Slot1	170	3	510	300	0.588235	0.0176471
Slot1	171	3	513	300	0.584795	0.0175439
Slot1	172	3	516	300	0.581395	0.0174419
Slot1	173	3	519	300	0.578035	0.017341
Slot1	174	3	522	300	0.574713	0.0172414
Slot1	175	3	525	300	0.571429	0.0171429
Slot1	176	3	528	300	0.568182	0.0170455
Slot1	177	3	531	300	0.564972	0.0169492
Slot1	178	3	534	300	0.561798	0.0168539
Slot1	179	3	537	300	0.558659	0.0167598
Slot1	180	3	540	300	0.555556	0.0166667
Slot1	181	3	543	300	0.552486	0.0165746
Slot1	182	3	546	300	0.549451	0.0164835
Slot1	183	3	549	300	0.546448	0.0163934
Slot1	184	3	552	300	0.543478	0.0163043
Slot1	185	3	555	300	0.540541	0.0162162
Slot1	186	3	558	300	0.537634	0.016129
Slot1	187	3	561	300	0.534759	0.0160428
Slot1	188	3	564	300	0.531915	0.0159574
Slot1	189	3	567	300	0.529101	0.015873
Slot1	190	3	570	300	0.526316	0.0157895
Slot1	191	3	573	300	0.52356	0.0157068
Slot1	192	3	576	300	0.520833	0.015625
Slot1	193	3	579	300	0.518135	0.015544
Slot1	194	3	582	300	0.515464	0.0154639
Slot1	195	3	585	300	0.512821	0.0153846
Slot1	196	3	588	300	0.510204	0.0153061
Slot1	197	3	591	300	0.507614	0.0152284
Slot1	198	3	594	300	0.50505	0.0151515
Slot1	199	3	597	300	0.502513	0.0150754
Slot1	200	3	600	300	0.5	0.015
Slot1	201	3	603	300	0.497512	0.0149254
Slot1	202	3	606	300	0.49505	0.0148515
Slot1	203	3	609	300	0.492611	0.0147783
Slot1	204	3	612	300	0.490196	0.0147059
Slot1	205	3	615	300	0.487805	0.0146341
Slot1	206	3	618	300	0.485437	0.0145631
Slot1	207	3	621	300	0.483092	0.0144928
Slot1	208	3	624	300	0.480769	0.0144231
Slot1	209	3	627	300	0.478469	0.0143541
Slot1	210	3	630	300	0.47619	0.0142857
Slot1	211	3	633	300	0.473934	0.014218
Slot1	212	3	636	300	0.471698	0.0141509
Slot1	213	3	639	300	0.469484	0.0140845
Slot1	214	3	642	300	0.46729	0.0140187
Slot1	215	3	645	300	0.465116	0.0139535
Slot1	216	3	648	300	0.462963	0.0138889
Slot1	217	3	651	300	0.460829	0.0138249
Slot1	218	3	654	300	0.458716	0.0137615
Slot1	219	3	657	300	0.456621	0.0136986
Slot1	220	3	660	300	0.454545	0.0136364
Slot1	221	3	663	300	0.452489	0.0135747
Slot1	222	3	666	300	0.45045	0.0135135
Slot1	223	3	669	300	0.44843	0.0134529
Slot1	224	3	672	300	0.446429	0.0133929
Slot1	225	3	675	300	0.444444	0.0133333
Slot1	226	3	678	300	0.442478	0.0132743
Slot1	227	3	681	300	0.440529	0.0132159
Slot1	228	3	684	300	0.438596	0.0131579
Slot1	229	3	687	300	0.436681	0.0131004
Slot1	230	4	690	400	0.57971	0.0173913
Slot1	231	4	693	400	0.577201	0.017316
Slot1	232	4	696	400	0.574713	0.0172414
Slot1	233	4	699	400	0.572246	0.0171674
Slot1	234	4	702	400	0.569801	0.017094
Slot1	235	4	705	400	0.567376	0.0170213
Slot1	236	4	708	400	0.564972	0.0169492
Slot1	237	4	711	400	0.562588	0.0168776
Slot1	238	5	714	500	0.70028	0.0210084
Slot1	239	5	717	500	0.69735	0.0209205
Slot1	240	5	720	500	0.694444	0.0208333
Slot1	241	5	723	500	0.691563	0.0207469
Slot1	242	5	726	500	0.688705	0.0206612
Slot1	243	5	729	500	0.685871	0.0205761
Slot1	244	5	732	500	0.68306	0.0204918
Slot1	245	5	735	500	0.680272	0.0204082
Slot1	246	5	738	500	0.677507	0.0203252
Slot1	247	5	741	500	0.674764	0.0202429
Slot1	248	5	744	500	0.672043	0.0201613
Slot1	249	5	747	500	0.669344	0.0200803
Slot1	250	5	750	500	0.666667	0.02
Slot1	251	5	753	500	0.664011	0.0199203
Slot1	252	5	756	500	0.661376	0.0198413
Slot1	253	5	759	500	0.658762	0.0197628
Slot1	254	5	762	500	0.656168	0.019685
Slot1	255	5	765	500	0.653595	0.0196078
Slot1	256	5	768	500	0.651042	0.0195312
Slot1	257	5	771	500	0.648508	0.0194553
Slot1	258	5	774	500	0.645995	0.0193798
Slot1	259	5	777	500	0.643501	0.019305
Slot1	260	5	780	500	0.641026	0.0192308
Slot1	261	5	783	500	0.63857	0.0191571
Slot1	262	5	786	500	0.636132	0.019084
Slot1	263	5	789	500	0.633714	0.0190114
Slot1	264	5	792	500	0.631313	0.0189394
Slot1	265	5	795	500	0.628931	0.0188679
Slot1	266	5	798	500	0.626566	0.018797
Slot1	267	5	801	500	0.62422	0.0187266
Slot1	268	5	804	500	0.621891	0.0186567
Slot1	269	5	807	500	0.619579	0.0185874
Slot1	270	5	810	500	0.617284	0.0185185
Slot1	271	5	813	500	0.615006	0.0184502
Slot1	272	5	816	500	0.612745	0.0183824
Slot1	273	5	819	500	0.610501	0.018315
Slot1	274	5	822	500	0.608272	0.0182482
Slot1	275	5	825	500	0.606061	0.0181818
Slot1	276	5	828	500	0.603865	0.0181159
Slot1	277	5	831	500	0.601685	0.0180505
Slot1	278	5	834	500	0.59952	0.0179856
Slot1	279	5	837	500	0.597372	0.0179211
Slot1	280	5	840	500	0.595238	0.0178571
Slot1	281	5	843	500	0.59312	0.0177936
Slot1	282	5	846	500	0.591017	0.0177305
Slot1	283	5	849	500	0.588928	0.0176678
Slot1	284	5	852	500	0.586854	0.0176056
Slot1	285	5	855	500	0.584795	0.0175439
Slot1	286	5	858	500	0.582751	0.0174825
Slot1	287	5	861	500	0.58072	0.0174216
Slot1	288	6	864	600	0.694444	0.0208333
Slot1	289	6	867	600	0.692042	0.0207612
Slot1	290	6	870	600	0.689655	0.0206897
Slot1	291	6	873	600	0.687285	0.0206186
Slot1	292	6	876	600	0.684932	0.0205479
Slot1	293	6	879	600	0.682594	0.0204778
Slot1	294	6	882	600	0.680272	0.0204082
Slot1	295	6	885	600	0.677966	0.020339
Slot1	296	6	888	600	0.675676	0.0202703
Slot1	297	6	891	600	0.673401	0.020202
Slot1	298	6	894	600	0.671141	0.0201342
Slot1	299	6	897	600	0.668896	0.0200669
Slot1	300	6	900	600	0.666667	0.02
Slot1	301	6	903	600	0.664452	0.0199336
Slot1	302	6	906	600	0.662252	0.0198676
Slot1	303	6	909	600	0.660066	0.019802
Slot1	304	6	912	600	0.657895	0.0197368
Slot1	305	6	915	600	0.655738	0.0196721
Slot1	306	6	918	600	0.653595	0.0196078
Slot1	307	6	921	600	0.651466	0.019544
Slot1	308	6	924	600	0.649351	0.0194805
Slot1	309	6	927	600	0.647249	0.0194175
Slot1	310	6	930	600	0.645161	0.0193548
Slot1	311	6	933	600	0.643087	0.0192926
Slot1	312	6	936	600	0.641026	0.0192308
Slot1	313	6	939	600	0.638978	0.0191693
Slot1	314	6	942	600	0.636943	0.0191083
Slot1	315	6	945	600	0.634921	0.0190476
Slot1	316	6	948	600	0.632911	0.0189873
Slot1	317	6	951	600	0.630915	0.0189274
Slot1	318	6	954	600	0.628931	0.0188679
Slot1	319	6	957	600	0.626959	0.0188088
Slot1	320	6	960	600	0.625	0.01875
Slot1	321	6	963	600	0.623053	0.0186916
Slot1	322	6	966	600	0.621118	0.0186335
Slot1	323	6	969	600	0.619195	0.0185759
Slot1	324	6	972	600	0.617284	0.0185185
Slot1	325	6	975	600	0.615385	0.0184615
Slot1	326	6	978	600	0.613497	0.0184049
Slot1	327	6	981	600	0.611621	0.0183486
Slot1	328	6	984	600	0.609756	0.0182927
Slot1	329	6	987	600	0.607903	0.0182371
Slot1	330	6	990	600	0.606061	0.0181818
Slot1	331	6	993	600	0.60423	0.0181269
Slot1	332	7	996	700	0.702811	0.0210843
Slot1	333	7	999	700	0.700701	0.021021
Slot1	334	7	1002	700	0.698603	0.0209581
Slot1	335	7	1005	700	0.696517	0.0208955
Slot1	336	7	1008	700	0.694444	0.0208333
