SlotID	RoundsPlayed	RoundsWon	CreditsUsed	CreditsWon	PayBackRate	HitRate
Slot0	1	0	3	0	0	0
Slot0	2	0	6	0	0	0
Slot0	3	0	9	0	0	0
Slot0	4	0	12	0	0	0
Slot0	5	0	15	0	0	0
Slot0	6	0	18	0	0	0
Slot0	7	0	21	0	0	0
Slot0	8	0	24	0	0	0
Slot0	9	0	27	0	0	0
Slot0	10	0	30	0	0	0
Slot0	11	0	33	0	0	0
Slot0	12	0	36	0	0	0
Slot0	13	0	39	0	0	0
Slot0	14	0	42	0	0	0
Slot0	15	0	45	0	0	0
Slot0	16	0	48	0	0	0
Slot0	17	0	51	0	0	0
Slot0	18	0	54	0	0	0
Slot0	19	0	57	0	0	0
Slot0	20	0	60	0	0	0
Slot0	21	0	63	0	0	0
Slot0	22	0	66	0	0	0
Slot0	23	0	69	0	0	0
Slot0	24	0	72	0	0	0
Slot0	25	0	75	0	0	0
Slot0	26	0	78	0	0	0
Slot0	27	0	81	0	0	0
Slot0	28	0	84	0	0	0
Slot0	29	0	87	0	0	0
Slot0	30	0	90	0	0	0
Slot0	31	0	93	0	0	0
Slot0	32	0	96	0	0	0
Slot0	33	0	99	0	0	0
Slot0	34	0	102	0	0	0
Slot0	35	0	105	0	0	0
Slot0	36	0	108	0	0	0
Slot0	37	0	111	0	0	0
Slot0	38	0	114	0	0	0
Slot0	39	0	117	0	0	0
Slot0	40	0	120	0	0	0
Slot0	41	0	123	0	0	0
Slot0	42	0	126	0	0	0
Slot0	43	0	129	0	0	0
Slot0	44	0	132	0	0	0
Slot0	45	0	135	0	0	0
Slot0	46	0	138	0	0	0
Slot0	47	0	141	0	0	0
Slot0	48	0	144	0	0	0
Slot0	49	0	147	0	0	0
Slot0	50	0	150	0	0	0
Slot0	51	0	153	0	0	0
Slot0	52	0	156	0	0	0
Slot0	53	0	159	0	0	0
Slot0	54	0	162	0	0	0
Slot0	55	0	165	0	0	0
Slot0	56	0	168	0	0	0
Slot0	57	0	171	0	0	0
Slot0	58	0	174	0	0	0
Slot0	59	0	177	0	0	0
Slot0	60	0	180	0	0	0
Slot0	61	0	183	0	0	0
Slot0	62	0	186	0	0	0
Slot0	63	0	189	0	0	0
Slot0	64	1	192	100	0.520833	0.015625
Slot0	65	1	195	100	0.512821	0.0153846
Slot0	66	1	198	100	0.50505	0.0151515
Slot0	67	1	201	100	0.497512	0.0149254
Slot0	68	1	204	100	0.490196	0.0147059
Slot0	69	1	207	100	0.483092	0.0144928
Slot0	70	1	210	100	0.47619	0.0142857
Slot0	71	1	213	100	0.469484	0.0140845
Slot0	72	1	216	100	0.462963	0.0138889
Slot0	73	1	219	100	0.456621	0.0136986
Slot0	74	1	222	100	0.45045	0.0135135
Slot0	75	1	225	100	0.444444	0.0133333
Slot0	76	1	228	100	0.438596	0.0131579
Slot0	77	1	231	100	0.4329	0.012987
Slot0	78	1	234	100	0.42735	0.0128205
Slot0	79	1	237	100	0.421941	0.0126582
Slot0	80	1	240	100	0.416667	0.0125
Slot0	81	1	243	100	0.411523	0.0123457
Slot0	82	1	246	100	0.406504	0.0121951
Slot0	83	1	249	100	0.401606	0.0120482
Slot0	84	1	252	100	0.396825	0.0119048
Slot0	85	1	255	100	0.392157	0.0117647
Slot0	86	1	258	100	0.387597	0.0116279
Slot0	87	1	261	100	0.383142	0.0114943
Slot0	88	1	264	100	0.378788	0.0113636
Slot0	89	1	267	100	0.374532	0.011236
Slot0	90	1	270	100	0.37037	0.0111111
Slot0	91	1	273	100	0.3663	0.010989
Slot0	92	1	276	100	0.362319	0.0108696
Slot0	93	1	279	100	0.358423	0.0107527
Slot0	94	1	282	100	0.35461	0.0106383
Slot0	95	1	285	100	0.350877	0.0105263
Slot0	96	1	288	100	0.347222	0.0104167
Slot0	97	2	291	200	0.687285	0.0206186
Slot0	98	2	294	200	0.680272	0.0204082
Slot0	99	2	297	200	0.673401	0.020202
Slot0	100	2	300	200	0.666667	0.02
Slot0	101	2	303	200	0.660066	0.019802
Slot0	102	2	306	200	0.653595	0.0196078
Slot0	103	2	309	200	0.647249	0.0194175
Slot0	104	2	312	200	0.641026	0.0192308
Slot0	105	2	315	200	0.634921	0.0190476
Slot0	106	2	318	200	0.628931	0.0188679
Slot0	107	2	321	200	0.623053	0.0186916
Slot0	108	2	324	200	0.617284	0.0185185
Slot0	109	2	327	200	0.611621	0.0183486
Slot0	110	2	330	200	0.606061	0.0181818
Slot0	111	2	333	200	0.600601	0.018018
Slot0	112	2	336	200	0.595238	0.0178571
Slot0	113	2	339	200	0.589971	0.0176991
Slot0	114	2	342	200	0.584795	0.0175439
Slot0	115	2	345	200	0.57971	0.0173913
Slot0	116	2	348	200	0.574713	0.0172414
Slot0	117	2	351	200	0.569801	0.017094
Slot0	118	2	354	200	0.564972	0.0169492
Slot0	119	2	357	200	0.560224	0.0168067
Slot0	120	2	360	200	0.555556	0.0166667
Slot0	121	2	363	200	0.550964	0.0165289
Slot0	122	2	366	200	0.546448	0.0163934
Slot0	123	2	369	200	0.542005	0.0162602
Slot0	124	2	372	200	0.537634	0.016129
Slot0	125	2	375	200	0.533333	0.016
Slot0	126	2	378	200	0.529101	0.015873
Slot0	127	2	381	200	0.524934	0.015748
Slot0	128	2	384	200	0.520833	0.015625
Slot0	129	2	387	200	0.516796	0.0155039
Slot0	130	2	390	200	0.512821	0.0153846
Slot0	131	3	393	300	0.763359	0.0229008
Slot0	132	3	396	300	0.757576	0.0227273
Slot0	133	3	399	300	0.75188	0.0225564
Slot0	134	3	402	300	0.746269	0.0223881
Slot0	135	3	405	300	0.740741	0.0222222
Slot0	136	3	408	300	0.735294	0.0220588
Slot0	137	3	411	300	0.729927	0.0218978
Slot0	138	3	414	300	0.724638	0.0217391
Slot0	139	4	417	400	0.959233	0.028777
Slot0	140	4	420	400	0.952381	0.0285714
Slot0	141	4	423	400	0.945626	0.0283688
Slot0	142	4	426	400	0.938967	0.028169
Slot0	143	4	429	400	0.932401	0.027972
Slot0	144	4	432	400	0.925926	0.0277778
Slot0	145	4	435	400	0.91954	0.0275862
Slot0	146	4	438	400	0.913242	0.0273973
Slot0	147	4	441	400	0.907029	0.0272109
Slot0	148	4	444	400	0.900901	0.027027
Slot0	149	4	447	400	0.894855	0.0268456
Slot0	150	4	450	400	0.888889	0.0266667
Slot0	151	4	453	400	0.883002	0.0264901
Slot0	152	4	456	400	0.877193	0.0263158
Slot0	153	4	459	400	0.87146	0.0261438
Slot0	154	4	462	400	0.865801	0.025974
Slot0	155	4	465	400	0.860215	0.0258065
Slot0	156	4	468	400	0.854701	0.025641
Slot0	157	4	471	400	0.849257	0.0254777
Slot0	158	4	474	400	0.843882	0.0253165
Slot0	159	4	477	400	0.838574	0.0251572
Slot0	160	4	480	400	0.833333	0.025
Slot0	161	4	483	400	0.828157	0.0248447
Slot0	162	4	486	400	0.823045	0.0246914
Slot0	163	4	489	400	0.817996	0.0245399
Slot0	164	4	492	400	0.813008	0.0243902
Slot0	165	4	495	400	0.808081	0.0242424
Slot0	166	4	498	400	0.803213	0.0240964
Slot0	167	4	501	400	0.798403	0.0239521
Slot0	168	4	504	400	0.793651	0.0238095
Slot0	169	4	507	400	0.788955	0.0236686
Slot0	170	4	510	400	0.784314	0.0235294
Slot0	171	4	513	400	0.779727	0.0233918
Slot0	172	4	516	400	0.775194	0.0232558
Slot0	173	4	519	400	0.770713	0.0231214
Slot0	174	4	522	400	0.766284	0.0229885
Slot0	175	4	525	400	0.761905	0.0228571
Slot0	176	4	528	400	0.757576	0.0227273
Slot0	177	4	531	400	0.753296	0.0225989
Slot0	178	4	534	400	0.749064	0.0224719
Slot0	179	4	537	400	0.744879	0.0223464
Slot0	180	4	540	400	0.740741	0.0222222
Slot0	181	4	543	400	0.736648	0.0220994
Slot0	182	4	546	400	0.732601	0.021978
Slot0	183	4	549	400	0.728597	0.0218579
Slot0	184	4	552	400	0.724638	0.0217391
Slot0	185	4	555	400	0.720721	0.0216216
Slot0	186	4	558	400	0.716846	0.0215054
Slot0	187	4	561	400	0.713012	0.0213904
Slot0	188	4	564	400	0.70922	0.0212766
Slot0	189	4	567	400	0.705467	0.021164
Slot0	190	4	570	400	0.701754	0.0210526
Slot0	191	4	573	400	0.69808	0.0209424
Slot0	192	4	576	400	0.694444	0.0208333
Slot0	193	4	579	400	0.690846	0.0207254
Slot0	194	4	582	400	0.687285	0.0206186
Slot0	195	4	585	400	0.683761	0.0205128
Slot0	196	4	588	400	0.680272	0.0204082
Slot0	197	4	591	400	0.676819	0.0203046
Slot0	198	4	594	400	0.673401	0.020202
Slot0	199	4	597	400	0.670017	0.0201005
Slot0	200	4	600	400	0.666667	0.02
Slot0	201	4	603	400	0.66335	0.0199005
Slot0	202	4	606	400	0.660066	0.019802
Slot0	203	4	609	400	0.656814	0.0197044
Slot0	204	4	612	400	0.653595	0.0196078
Slot0	205	4	615	400	0.650406	0.0195122
Slot0	206	4	618	400	0.647249	0.0194175
Slot0	207	4	621	400	0.644122	0.0193237
Slot0	208	5	624	500	0.801282	0.0240385
Slot0	209	5	627	500	0.797448	0.0239234
Slot0	210	5	630	500	0.793651	0.0238095
Slot0	211	5	633	500	0.789889	0.0236967
Slot0	212	5	636	500	0.786164	0.0235849
Slot0	213	5	639	500	0.782473	0.0234742
Slot0	214	5	642	500	0.778816	0.0233645
Slot0	215	5	645	500	0.775194	0.0232558
Slot0	216	5	648	500	0.771605	0.0231481
Slot0	217	5	651	500	0.768049	0.0230415
Slot0	218	5	654	500	0.764526	0.0229358
Slot0	219	5	657	500	0.761035	0.0228311
Slot0	220	5	660	500	0.757576	0.0227273
Slot0	221	5	663	500	0.754148	0.0226244
Slot0	222	5	666	500	0.750751	0.0225225
Slot0	223	5	669	500	0.747384	0.0224215
Slot0	224	5	672	500	0.744048	0.0223214
Slot0	225	5	675	500	0.740741	0.0222222
Slot0	226	5	678	500	0.737463	0.0221239
Slot0	227	5	681	500	0.734214	0.0220264
Slot0	228	5	684	500	0.730994	0.0219298
Slot0	229	5	687	500	0.727802	0.0218341
Slot0	230	5	690	500	0.724638	0.0217391
Slot0	231	5	693	500	0.721501	0.021645
Slot0	232	5	696	500	0.718391	0.0215517
Slot0	233	5	699	500	0.715308	0.0214592
Slot0	234	5	702	500	0.712251	0.0213675
Slot0	235	5	705	500	0.70922	0.0212766
Slot0	236	5	708	500	0.706215	0.0211864
Slot0	237	5	711	500	0.703235	0.021097
Slot0	238	5	714	500	0.70028	0.0210084
Slot0	239	6	717	600	0.83682	0.0251046
Slot0	240	6	720	600	0.833333	0.025
Slot0	241	6	723	600	0.829876	0.0248963
Slot0	242	6	726	600	0.826446	0.0247934
Slot0	243	6	729	600	0.823045	0.0246914
Slot0	244	6	732	600	0.819672	0.0245902
Slot0	245	6	735	600	0.816327	0.0244898
Slot0	246	6	738	600	0.813008	0.0243902
Slot0	247	6	741	600	0.809717	0.0242915
Slot0	248	6	744	600	0.806452	0.0241935
Slot0	249	6	747	600	0.803213	0.0240964
Slot0	250	6	750	600	0.8	0.024
Slot0	251	6	753	600	0.796813	0.0239044
Slot0	252	6	756	600	0.793651	0.0238095
Slot0	253	6	759	600	0.790514	0.0237154
Slot0	254	6	762	600	0.787402	0.023622
Slot0	255	6	765	600	0.784314	0.0235294
Slot0	256	6	768	600	0.78125	0.0234375
Slot0	257	6	771	600	0.77821	0.0233463
Slot0	258	6	774	600	0.775194	0.0232558
Slot0	259	6	777	600	0.772201	0.023166
Slot0	260	6	780	600	0.769231	0.0230769
Slot0	261	6	783	600	0.766284	0.0229885
Slot0	262	6	786	600	0.763359	0.0229008
Slot0	263	6	789	600	0.760456	0.0228137
Slot0	264	6	792	600	0.757576	0.0227273
Slot0	265	6	795	600	0.754717	0.0226415
Slot0	266	6	798	600	0.75188	0.0225564
Slot0	267	6	801	600	0.749064	0.0224719
Slot0	268	6	804	600	0.746269	0.0223881
Slot0	269	6	807	600	0.743494	0.0223048
Slot0	270	6	810	600	0.740741	0.0222222
Slot0	271	6	813	600	0.738007	0.0221402
Slot0	272	6	816	600	0.735294	0.0220588
Slot0	273	6	819	600	0.732601	0.021978
Slot0	274	6	822	600	0.729927	0.0218978
Slot0	275	6	825	600	0.727273	0.0218182
Slot0	276	6	828	600	0.724638	0.0217391
Slot0	277	6	831	600	0.722022	0.0216607
Slot0	278	6	834	600	0.719424	0.0215827
Slot0	279	6	837	600	0.716846	0.0215054
Slot0	280	6	840	600	0.714286	0.0214286
Slot0	281	6	843	600	0.711744	0.0213523
Slot0	282	6	846	600	0.70922	0.0212766
Slot0	283	6	849	600	0.706714	0.0212014
Slot0	284	7	852	700	0.821596	0.0246479
Slot0	285	7	855	700	0.818713	0.0245614
Slot0	286	7	858	700	0.815851	0.0244755
Slot0	287	7	861	700	0.813008	0.0243902
Slot0	288	7	864	700	0.810185	0.0243056
Slot0	289	7	867	700	0.807382	0.0242215
Slot0	290	7	870	700	0.804598	0.0241379
Slot0	291	7	873	700	0.801833	0.024055
Slot0	292	7	876	700	0.799087	0.0239726
Slot0	293	7	879	700	0.796359	0.0238908
Slot0	294	7	882	700	0.793651	0.0238095
Slot0	295	7	885	700	0.79096	0.0237288
Slot0	296	7	888	700	0.788288	0.0236486
Slot0	297	7	891	700	0.785634	0.023569
Slot0	298	7	894	700	0.782998	0.0234899
Slot0	299	7	897	700	0.780379	0.0234114
Slot0	300	7	900	700	0.777778	0.0233333
Slot0	301	7	903	700	0.775194	0.0232558
Slot0	302	7	906	700	0.772627	0.0231788
Slot0	303	7	909	700	0.770077	0.0231023
Slot0	304	7	912	700	0.767544	0.0230263
Slot0	305	7	915	700	0.765027	0.0229508
Slot0	306	7	918	700	0.762527	0.0228758
Slot0	307	7	921	700	0.760043	0.0228013
Slot0	308	7	924	700	0.757576	0.0227273
Slot0	309	7	927	700	0.755124	0.0226537
Slot0	310	7	930	700	0.752688	0.0225806
Slot0	311	7	933	700	0.750268	0.022508
Slot0	312	7	936	700	0.747863	0.0224359
Slot0	313	7	939	700	0.745474	0.0223642
Slot0	314	7	942	700	0.7431	0.022293
Slot0	315	7	945	700	0.740741	0.0222222
Slot0	316	7	948	700	0.738397	0.0221519
Slot0	317	7	951	700	0.736067	0.022082
Slot0	318	7	954	700	0.733753	0.0220126
Slot0	319	7	957	700	0.731452	0.0219436
Slot0	320	7	960	700	0.729167	0.021875
Slot0	321	7	963	700	0.726895	0.0218069
Slot0	322	7	966	700	0.724638	0.0217391
Slot0	323	7	969	700	0.722394	0.0216718
Slot0	324	7	972	700	0.720165	0.0216049
Slot0	325	7	975	700	0.717949	0.0215385
Slot0	326	7	978	700	0.715746	0.0214724
Slot0	327	7	981	700	0.713558	0.0214067
Slot0	328	7	984	700	0.711382	0.0213415
Slot0	329	7	987	700	0.70922	0.0212766
Slot0	330	7	990	700	0.707071	0.0212121
Slot0	331	7	993	700	0.704935	0.021148
Slot0	332	7	996	700	0.702811	0.0210843
Slot0	333	7	999	700	0.700701	0.021021
Slot0	334	7	1002	700	0.698603	0.0209581
Slot0	335	7	1005	700	0.696517	0.0208955
Slot0	336	7	1008	700	0.694444	0.0208333
Slot0	337	7	1011	700	0.692384	0.0207715
Slot0	338	7	1014	700	0.690335	0.0207101
Slot0	339	7	1017	700	0.688299	0.020649
Slot0	340	7	1020	700	0.686275	0.0205882
Slot0	341	7	1023	700	0.684262	0.0205279
Slot0	342	7	1026	700	0.682261	0.0204678
Slot0	343	7	1029	700	0.680272	0.0204082
Slot0	344	7	1032	700	0.678295	0.0203488
Slot0	345	7	1035	700	0.676328	0.0202899
Slot0	346	7	1038	700	0.674374	0.0202312
Slot0	347	7	1041	700	0.67243	0.0201729
Slot0	348	7	1044	700	0.670498	0.0201149
Slot0	349	7	1047	700	0.668577	0.0200573
Slot0	350	7	1050	700	0.666667	0.02
Slot0	351	7	1053	700	0.664767	0.019943
Slot0	352	7	1056	700	0.662879	0.0198864
Slot0	353	7	1059	700	0.661001	0.01983
Slot0	354	8	1062	800	0.753296	0.0225989
Slot0	355	8	1065	800	0.751174	0.0225352
Slot0	356	8	1068	800	0.749064	0.0224719
Slot0	357	8	1071	800	0.746965	0.022409
Slot0	358	8	1074	800	0.744879	0.0223464
Slot0	359	8	1077	800	0.742804	0.0222841
Slot0	360	8	1080	800	0.740741	0.0222222
Slot0	361	8	1083	800	0.738689	0.0221607
Slot0	362	8	1086	800	0.736648	0.0220994
Slot0	363	8	1089	800	0.734619	0.0220386
Slot0	364	8	1092	800	0.732601	0.021978
Slot0	365	8	1095	800	0.730594	0.0219178
Slot0	366	8	1098	800	0.728597	0.0218579
Slot0	367	8	1101	800	0.726612	0.0217984
Slot0	368	8	1104	800	0.724638	0.0217391
Slot0	369	8	1107	800	0.722674	0.0216802
Slot0	370	9	1110	900	0.810811	0.0243243
Slot0	371	9	1113	900	0.808625	0.0242588
Slot0	372	9	1116	900	0.806452	0.0241935
Slot0	373	9	1119	900	0.80429	0.0241287
Slot0	374	9	1122	900	0.802139	0.0240642
Slot0	375	9	1125	900	0.8	0.024
Slot0	376	9	1128	900	0.797872	0.0239362
Slot0	377	9	1131	900	0.795756	0.0238727
Slot0	378	9	1134	900	0.793651	0.0238095
Slot0	379	9	1137	900	0.791557	0.0237467
Slot0	380	9	1140	900	0.789474	0.0236842
Slot0	381	9	1143	900	0.787402	0.023622
Slot0	382	10	1146	1000	0.8726	0.026178
Slot0	383	10	1149	1000	0.870322	0.0261097
Slot0	384	10	1152	1000	0.868056	0.0260417
Slot0	385	10	1155	1000	0.865801	0.025974
Slot0	386	10	1158	1000	0.863558	0.0259067
Slot0	387	10	1161	1000	0.861326	0.0258398
Slot0	388	10	1164	1000	0.859107	0.0257732
Slot0	389	10	1167	1000	0.856898	0.0257069
Slot0	390	10	1170	1000	0.854701	0.025641
Slot0	391	10	1173	1000	0.852515	0.0255754
Slot0	392	10	1176	1000	0.85034	0.0255102
Slot0	393	10	1179	1000	0.848176	0.0254453
Slot0	394	10	1182	1000	0.846024	0.0253807
Slot0	395	10	1185	1000	0.843882	0.0253165
Slot0	396	10	1188	1000	0.841751	0.0252525
Slot0	397	10	1191	1000	0.839631	0.0251889
Slot0	398	10	1194	1000	0.837521	0.0251256
Slot0	399	10	1197	1000	0.835422	0.0250627
Slot0	400	10	1200	1000	0.833333	0.025
Slot0	401	10	1203	1000	0.831255	0.0249377
Slot0	402	10	1206	1000	0.829187	0.0248756
Slot0	403	10	1209	1000	0.82713	0.0248139
Slot0	404	10	1212	1000	0.825082	0.0247525
Slot0	405	10	1215	1000	0.823045	0.0246914
Slot0	406	10	1218	1000	0.821018	0.0246305
Slot0	407	10	1221	1000	0.819001	0.02457
Slot0	408	10	1224	1000	0.816993	0.0245098
Slot0	409	10	1227	1000	0.814996	0.0244499
Slot0	410	10	1230	1000	0.813008	0.0243902
Slot0	411	10	1233	1000	0.81103	0.0243309
Slot0	412	10	1236	1000	0.809061	0.0242718
Slot0	413	10	1239	1000	0.807103	0.0242131
Slot0	414	10	1242	1000	0.805153	0.0241546
Slot0	415	10	1245	1000	0.803213	0.0240964
Slot0	416	10	1248	1000	0.801282	0.0240385
Slot0	417	10	1251	1000	0.799361	0.0239808
Slot0	418	10	1254	1000	0.797448	0.0239234
Slot0	419	10	1257	1000	0.795545	0.0238663
Slot0	420	10	1260	1000	0.793651	0.0238095
Slot0	421	10	1263	1000	0.791766	0.023753
Slot0	422	10	1266	1000	0.789889	0.0236967
Slot0	423	10	1269	1000	0.788022	0.0236407
Slot0	424	10	1272	1000	0.786164	0.0235849
Slot0	425	10	1275	1000	0.784314	0.0235294
Slot0	426	10	1278	1000	0.782473	0.0234742
Slot0	427	10	1281	1000	0.78064	0.0234192
Slot0	428	10	1284	1000	0.778816	0.0233645
Slot0	429	10	1287	1000	0.777001	0.02331
Slot0	430	10	1290	1000	0.775194	0.0232558
Slot0	431	10	1293	1000	0.773395	0.0232019
Slot0	432	10	1296	1000	0.771605	0.0231481
Slot0	433	10	1299	1000	0.769823	0.0230947
Slot0	434	10	1302	1000	0.768049	0.0230415
Slot0	435	10	1305	1000	0.766284	0.0229885
Slot0	436	10	1308	1000	0.764526	0.0229358
Slot0	437	10	1311	1000	0.762776	0.0228833
Slot0	438	10	1314	1000	0.761035	0.0228311
Slot0	439	10	1317	1000	0.759301	0.022779
Slot0	440	10	1320	1000	0.757576	0.0227273
Slot0	441	10	1323	1000	0.755858	0.0226757
Slot0	442	10	1326	1000	0.754148	0.0226244
Slot0	443	10	1329	1000	0.752445	0.0225734
Slot0	444	11	1332	1100	0.825826	0.0247748
Slot0	445	11	1335	1100	0.82397	0.0247191
Slot0	446	12	1338	1200	0.896861	0.0269058
Slot0	447	12	1341	1200	0.894855	0.0268456
Slot0	448	12	1344	1200	0.892857	0.0267857
Slot0	449	12	1347	1200	0.890869	0.0267261
Slot0	450	12	1350	1200	0.888889	0.0266667
Slot0	451	12	1353	1200	0.886918	0.0266075
Slot0	452	12	1356	1200	0.884956	0.0265487
Slot0	453	12	1359	1200	0.883002	0.0264901
Slot0	454	12	1362	1200	0.881057	0.0264317
Slot0	455	12	1365	1200	0.879121	0.0263736
Slot0	456	12	1368	1200	0.877193	0.0263158
Slot0	457	12	1371	1200	0.875274	0.0262582
Slot0	458	12	1374	1200	0.873362	0.0262009
Slot0	459	12	1377	1200	0.87146	0.0261438
Slot0	460	12	1380	1200	0.869565	0.026087
Slot0	461	12	1383	1200	0.867679	0.0260304
Slot0	462	12	1386	1200	0.865801	0.025974
Slot0	463	12	1389	1200	0.863931	0.0259179
Slot0	464	12	1392	1200	0.862069	0.0258621
Slot0	465	12	1395	1200	0.860215	0.0258065
Slot0	466	12	1398	1200	0.858369	0.0257511
Slot0	467	12	1401	1200	0.856531	0.0256959
Slot0	468	12	1404	1200	0.854701	0.025641
Slot0	469	12	1407	1200	0.852878	0.0255864
Slot0	470	12	1410	1200	0.851064	0.0255319
Slot0	471	12	1413	1200	0.849257	0.0254777
Slot0	472	12	1416	1200	0.847458	0.0254237
Slot0	473	12	1419	1200	0.845666	0.02537
Slot0	474	12	1422	1200	0.843882	0.0253165
Slot0	475	12	1425	1200	0.842105	0.0252632
Slot0	476	12	1428	1200	0.840336	0.0252101
Slot0	477	12	1431	1200	0.838574	0.0251572
Slot0	478	12	1434	1200	0.83682	0.0251046
Slot0	479	12	1437	1200	0.835073	0.0250522
Slot0	480	12	1440	1200	0.833333	0.025
Slot0	481	12	1443	1200	0.831601	0.024948
Slot0	482	12	1446	1200	0.829876	0.0248963
Slot0	483	12	1449	1200	0.828157	0.0248447
Slot0	484	12	1452	1200	0.826446	0.0247934
Slot0	485	13	1455	1300	0.893471	0.0268041
Slot0	486	13	1458	1300	0.891632	0.026749
Slot0	487	13	1461	1300	0.889802	0.026694
Slot0	488	13	1464	1300	0.887978	0.0266393
Slot0	489	13	1467	1300	0.886162	0.0265849
Slot0	490	13	1470	1300	0.884354	0.0265306
Slot0	491	13	1473	1300	0.882553	0.0264766
Slot0	492	13	1476	1300	0.880759	0.0264228
Slot0	493	13	1479	1300	0.878972	0.0263692
Slot0	494	13	1482	1300	0.877193	0.0263158
Slot0	495	13	1485	1300	0.875421	0.0262626
Slot0	496	13	1488	1300	0.873656	0.0262097
Slot0	497	13	1491	1300	0.871898	0.0261569
Slot0	498	13	1494	1300	0.870147	0.0261044
Slot0	499	13	1497	1300	0.868403	0.0260521
Slot0	500	13	1500	1300	0.866667	0.026
Slot0	501	13	1503	1300	0.864937	0.0259481
Slot0	502	13	1506	1300	0.863214	0.0258964
Slot0	503	13	1509	1300	0.861498	0.0258449
Slot0	504	13	1512	1300	0.859788	0.0257937
Slot0	505	13	1515	1300	0.858086	0.0257426
Slot0	506	13	1518	1300	0.85639	0.0256917
Slot0	507	13	1521	1300	0.854701	0.025641
Slot0	508	13	1524	1300	0.853018	0.0255906
Slot0	509	13	1527	1300	0.851342	0.0255403
Slot0	510	13	1530	1300	0.849673	0.0254902
Slot0	511	13	1533	1300	0.84801	0.0254403
Slot0	512	13	1536	1300	0.846354	0.0253906
Slot0	513	13	1539	1300	0.844704	0.0253411
Slot0	514	13	1542	1300	0.843061	0.0252918
Slot0	515	13	1545	1300	0.841424	0.0252427
Slot0	516	13	1548	1300	0.839793	0.0251938
Slot0	517	13	1551	1300	0.838169	0.0251451
Slot0	518	13	1554	1300	0.836551	0.0250965
Slot0	519	13	1557	1300	0.834939	0.0250482
Slot0	520	13	1560	1300	0.833333	0.025
Slot0	521	13	1563	1300	0.831734	0.024952
Slot0	522	13	1566	1300	0.83014	0.0249042
Slot0	523	13	1569	1300	0.828553	0.0248566
Slot0	524	13	1572	1300	0.826972	0.0248092
Slot0	525	13	1575	1300	0.825397	0.0247619
Slot0	526	13	1578	1300	0.823828	0.0247148
Slot0	527	13	1581	1300	0.822264	0.0246679
Slot0	528	13	1584	1300	0.820707	0.0246212
Slot0	529	13	1587	1300	0.819156	0.0245747
Slot0	530	13	1590	1300	0.81761	0.0245283
Slot0	531	13	1593	1300	0.81607	0.0244821
Slot0	532	13	1596	1300	0.814536	0.0244361
Slot0	533	13	1599	1300	0.813008	0.0243902
Slot0	534	13	1602	1300	0.811486	0.0243446
Slot0	535	13	1605	1300	0.809969	0.0242991
Slot0	536	13	1608	1300	0.808458	0.0242537
Slot0	537	13	1611	1300	0.806952	0.0242086
Slot0	538	13	1614	1300	0.805452	0.0241636
Slot0	539	13	1617	1300	0.803958	0.0241187
Slot0	540	13	1620	1300	0.802469	0.0240741
Slot0	541	14	1623	1400	0.8626	0.025878
Slot0	542	14	1626	1400	0.861009	0.0258303
Slot0	543	14	1629	1400	0.859423	0.0257827
Slot0	544	15	1632	1500	0.919118	0.0275735
Slot0	545	15	1635	1500	0.917431	0.0275229
Slot0	546	15	1638	1500	0.915751	0.0274725
Slot0	547	15	1641	1500	0.914077	0.0274223
Slot0	548	15	1644	1500	0.912409	0.0273723
Slot0	549	15	1647	1500	0.910747	0.0273224
Slot0	550	15	1650	1500	0.909091	0.0272727
Slot0	551	15	1653	1500	0.907441	0.0272232
Slot0	552	15	1656	1500	0.905797	0.0271739
Slot0	553	15	1659	1500	0.904159	0.0271248
Slot0	554	15	1662	1500	0.902527	0.0270758
Slot0	555	15	1665	1500	0.900901	0.027027
Slot0	556	15	1668	1500	0.899281	0.0269784
Slot0	557	15	1671	1500	0.897666	0.02693
Slot0	558	15	1674	1500	0.896057	0.0268817
Slot0	559	15	1677	1500	0.894454	0.0268336
Slot0	560	15	1680	1500	0.892857	0.0267857
Slot0	561	15	1683	1500	0.891266	0.026738
Slot0	562	15	1686	1500	0.88968	0.0266904
Slot0	563	15	1689	1500	0.888099	0.026643
Slot0	564	15	1692	1500	0.886525	0.0265957
Slot0	565	15	1695	1500	0.884956	0.0265487
Slot0	566	15	1698	1500	0.883392	0.0265018
Slot0	567	15	1701	1500	0.881834	0.026455
Slot0	568	15	1704	1500	0.880282	0.0264085
Slot0	569	15	1707	1500	0.878735	0.026362
Slot0	570	15	1710	1500	0.877193	0.0263158
Slot0	571	15	1713	1500	0.875657	0.0262697
Slot0	572	15	1716	1500	0.874126	0.0262238
Slot0	573	15	1719	1500	0.8726	0.026178
Slot0	574	15	1722	1500	0.87108	0.0261324
Slot0	575	15	1725	1500	0.869565	0.026087
Slot0	576	16	1728	1600	0.925926	0.0277778
Slot0	577	16	1731	1600	0.924321	0.0277296
Slot0	578	16	1734	1600	0.922722	0.0276817
Slot0	579	16	1737	1600	0.921128	0.0276339
Slot0	580	16	1740	1600	0.91954	0.0275862
Slot0	581	16	1743	1600	0.917958	0.0275387
Slot0	582	16	1746	1600	0.91638	0.0274914
Slot0	583	16	1749	1600	0.914808	0.0274443
Slot0	584	16	1752	1600	0.913242	0.0273973
Slot0	585	16	1755	1600	0.911681	0.0273504
Slot0	586	16	1758	1600	0.910125	0.0273038
Slot0	587	16	1761	1600	0.908575	0.0272572
Slot0	588	16	1764	1600	0.907029	0.0272109
Slot0	589	16	1767	1600	0.90549	0.0271647
Slot0	590	16	1770	1600	0.903955	0.0271186
Slot0	591	16	1773	1600	0.902425	0.0270728
Slot0	592	16	1776	1600	0.900901	0.027027
Slot0	593	16	1779	1600	0.899382	0.0269815
Slot0	594	16	1782	1600	0.897868	0.026936
Slot0	595	16	1785	1600	0.896359	0.0268908
Slot0	596	16	1788	1600	0.894855	0.0268456
Slot0	597	16	1791	1600	0.893356	0.0268007
Slot0	598	16	1794	1600	0.891862	0.0267559
Slot0	599	17	1797	1700	0.946021	0.0283806
Slot0	600	17	1800	1700	0.944444	0.0283333
Slot0	601	17	1803	1700	0.942873	0.0282862
Slot0	602	17	1806	1700	0.941307	0.0282392
Slot0	603	17	1809	1700	0.939746	0.0281924
Slot0	604	17	1812	1700	0.93819	0.0281457
Slot0	605	17	1815	1700	0.936639	0.0280992
Slot0	606	17	1818	1700	0.935094	0.0280528
Slot0	607	17	1821	1700	0.933553	0.0280066
Slot0	608	17	1824	1700	0.932018	0.0279605
Slot0	609	17	1827	1700	0.930487	0.0279146
Slot0	610	17	1830	1700	0.928962	0.0278689
Slot0	611	17	1833	1700	0.927441	0.0278232
Slot0	612	17	1836	1700	0.925926	0.0277778
Slot0	613	17	1839	1700	0.924415	0.0277325
Slot0	614	17	1842	1700	0.92291	0.0276873
Slot0	615	17	1845	1700	0.921409	0.0276423
Slot0	616	17	1848	1700	0.919913	0.0275974
Slot0	617	17	1851	1700	0.918422	0.0275527
Slot0	618	17	1854	1700	0.916936	0.0275081
Slot0	619	17	1857	1700	0.915455	0.0274637
Slot0	620	17	1860	1700	0.913979	0.0274194
Slot0	621	17	1863	1700	0.912507	0.0273752
Slot0	622	17	1866	1700	0.91104	0.0273312
Slot0	623	18	1869	1800	0.963082	0.0288925
Slot0	624	18	1872	1800	0.961538	0.0288462
Slot0	625	18	1875	1800	0.96	0.0288
Slot0	626	18	1878	1800	0.958466	0.028754
Slot0	627	18	1881	1800	0.956938	0.0287081
Slot0	628	18	1884	1800	0.955414	0.0286624
Slot0	629	18	1887	1800	0.953895	0.0286169
Slot0	630	18	1890	1800	0.952381	0.0285714
Slot0	631	18	1893	1800	0.950872	0.0285261
Slot0	632	18	1896	1800	0.949367	0.028481
Slot0	633	18	1899	1800	0.947867	0.028436
Slot0	634	18	1902	1800	0.946372	0.0283912
Slot0	635	18	1905	1800	0.944882	0.0283465
Slot0	636	18	1908	1800	0.943396	0.0283019
Slot0	637	18	1911	1800	0.941915	0.0282575
Slot0	638	18	1914	1800	0.940439	0.0282132
Slot0	639	18	1917	1800	0.938967	0.028169
Slot0	640	18	1920	1800	0.9375	0.028125
Slot0	641	18	1923	1800	0.936037	0.0280811
Slot0	642	18	1926	1800	0.934579	0.0280374
Slot0	643	18	1929	1800	0.933126	0.0279938
Slot0	644	18	1932	1800	0.931677	0.0279503
Slot0	645	18	1935	1800	0.930233	0.027907
Slot0	646	18	1938	1800	0.928793	0.0278638
Slot0	647	18	1941	1800	0.927357	0.0278207
Slot0	648	18	1944	1800	0.925926	0.0277778
Slot0	649	18	1947	1800	0.924499	0.027735
Slot0	650	18	1950	1800	0.923077	0.0276923
Slot0	651	18	1953	1800	0.921659	0.0276498
Slot0	652	18	1956	1800	0.920245	0.0276074
Slot0	653	18	1959	1800	0.918836	0.0275651
Slot0	654	18	1962	1800	0.917431	0.0275229
Slot0	655	19	1965	1900	0.966921	0.0290076
Slot0	656	19	1968	1900	0.965447	0.0289634
Slot0	657	19	1971	1900	0.963978	0.0289193
Slot0	658	19	1974	1900	0.962513	0.0288754
Slot0	659	19	1977	1900	0.961052	0.0288316
Slot0	660	19	1980	1900	0.959596	0.0287879
Slot0	661	19	1983	1900	0.958144	0.0287443
Slot0	662	20	1986	2000	1.00705	0.0302115
Slot0	663	20	1989	2000	1.00553	0.0301659
Slot0	664	20	1992	2000	1.00402	0.0301205
Slot0	665	20	1995	2000	1.00251	0.0300752
Slot0	666	20	1998	2000	1.001	0.03003
Slot0	667	20	2001	2000	0.9995	0.029985
Slot0	668	20	2004	2000	0.998004	0.0299401
Slot0	669	20	2007	2000	0.996512	0.0298954
Slot0	670	20	2010	2000	0.995025	0.0298507
Slot0	671	20	2013	2000	0.993542	0.0298063
Slot0	672	20	2016	2000	0.992063	0.0297619
Slot0	673	20	2019	2000	0.990589	0.0297177
Slot0	674	20	2022	2000	0.98912	0.0296736
Slot0	675	20	2025	2000	0.987654	0.0296296
Slot0	676	20	2028	2000	0.986193	0.0295858
Slot0	677	20	2031	2000	0.984737	0.0295421
Slot0	678	20	2034	2000	0.983284	0.0294985
Slot0	679	20	2037	2000	0.981836	0.0294551
Slot0	680	20	2040	2000	0.980392	0.0294118
Slot0	681	20	2043	2000	0.978953	0.0293686
Slot0	682	20	2046	2000	0.977517	0.0293255
Slot0	683	20	2049	2000	0.976086	0.0292826
Slot0	684	20	2052	2000	0.974659	0.0292398
Slot0	685	20	2055	2000	0.973236	0.0291971
Slot0	686	20	2058	2000	0.971817	0.0291545
Slot0	687	20	2061	2000	0.970403	0.0291121
Slot0	688	20	2064	2000	0.968992	0.0290698
Slot0	689	20	2067	2000	0.967586	0.0290276
Slot0	690	20	2070	2000	0.966184	0.0289855
Slot0	691	20	2073	2000	0.964785	0.0289436
Slot0	692	20	2076	2000	0.963391	0.0289017
Slot0	693	20	2079	2000	0.962001	0.02886
Slot0	694	20	2082	2000	0.960615	0.0288184
Slot0	695	20	2085	2000	0.959233	0.028777
Slot0	696	20	2088	2000	0.957854	0.0287356
Slot0	697	20	2091	2000	0.95648	0.0286944
Slot0	698	20	2094	2000	0.95511	0.0286533
Slot0	699	20	2097	2000	0.953743	0.0286123
Slot0	700	20	2100	2000	0.952381	0.0285714
Slot0	701	20	2103	2000	0.951022	0.0285307
Slot0	702	21	2106	2100	0.997151	0.0299145
Slot0	703	21	2109	2100	0.995733	0.029872
Slot0	704	21	2112	2100	0.994318	0.0298295
Slot0	705	21	2115	2100	0.992908	0.0297872
Slot0	706	21	2118	2100	0.991501	0.029745
Slot0	707	21	2121	2100	0.990099	0.029703
Slot0	708	21	2124	2100	0.988701	0.029661
Slot0	709	21	2127	2100	0.987306	0.0296192
Slot0	710	21	2130	2100	0.985915	0.0295775
Slot0	711	21	2133	2100	0.984529	0.0295359
Slot0	712	21	2136	2100	0.983146	0.0294944
Slot0	713	21	2139	2100	0.981767	0.029453
Slot0	714	21	2142	2100	0.980392	0.0294118
Slot0	715	21	2145	2100	0.979021	0.0293706
Slot0	716	21	2148	2100	0.977654	0.0293296
Slot0	717	21	2151	2100	0.97629	0.0292887
Slot0	718	21	2154	2100	0.97493	0.0292479
Slot0	719	21	2157	2100	0.973574	0.0292072
Slot0	720	21	2160	2100	0.972222	0.0291667
Slot0	721	21	2163	2100	0.970874	0.0291262
Slot0	722	21	2166	2100	0.969529	0.0290859
Slot0	723	21	2169	2100	0.968188	0.0290456
Slot0	724	21	2172	2100	0.966851	0.0290055
Slot0	725	21	2175	2100	0.965517	0.0289655
Slot0	726	22	2178	2200	1.0101	0.030303
Slot0	727	22	2181	2200	1.00871	0.0302613
Slot0	728	22	2184	2200	1.00733	0.0302198
Slot0	729	22	2187	2200	1.00594	0.0301783
Slot0	730	22	2190	2200	1.00457	0.030137
Slot0	731	22	2193	2200	1.00319	0.0300958
Slot0	732	22	2196	2200	1.00182	0.0300546
Slot0	733	22	2199	2200	1.00045	0.0300136
Slot0	734	22	2202	2200	0.999092	0.0299728
Slot0	735	22	2205	2200	0.997732	0.029932
Slot0	736	22	2208	2200	0.996377	0.0298913
Slot0	737	22	2211	2200	0.995025	0.0298507
Slot0	738	22	2214	2200	0.993677	0.0298103
Slot0	739	22	2217	2200	0.992332	0.02977
Slot0	740	22	2220	2200	0.990991	0.0297297
Slot0	741	22	2223	2200	0.989654	0.0296896
Slot0	742	22	2226	2200	0.98832	0.0296496
Slot0	743	22	2229	2200	0.98699	0.0296097
Slot0	744	22	2232	2200	0.985663	0.0295699
Slot0	745	22	2235	2200	0.98434	0.0295302
Slot0	746	22	2238	2200	0.983021	0.0294906
Slot0	747	22	2241	2200	0.981705	0.0294511
Slot0	748	22	2244	2200	0.980392	0.0294118
Slot0	749	22	2247	2200	0.979083	0.0293725
Slot0	750	22	2250	2200	0.977778	0.0293333
Slot0	751	22	2253	2200	0.976476	0.0292943
Slot0	752	22	2256	2200	0.975177	0.0292553
Slot0	753	22	2259	2200	0.973882	0.0292165
Slot0	754	22	2262	2200	0.972591	0.0291777
Slot0	755	22	2265	2200	0.971302	0.0291391
Slot0	756	22	2268	2200	0.970018	0.0291005
Slot0	757	22	2271	2200	0.968736	0.0290621
Slot0	758	22	2274	2200	0.967458	0.0290237
Slot0	759	22	2277	2200	0.966184	0.0289855
Slot0	760	22	2280	2200	0.964912	0.0289474
Slot0	761	22	2283	2200	0.963644	0.0289093
Slot0	762	22	2286	2200	0.96238	0.0288714
Slot0	763	22	2289	2200	0.961118	0.0288336
Slot0	764	22	2292	2200	0.95986	0.0287958
Slot0	765	22	2295	2200	0.958606	0.0287582
Slot0	766	22	2298	2200	0.957354	0.0287206
Slot0	767	22	2301	2200	0.956106	0.0286832
Slot0	768	22	2304	2200	0.954861	0.0286458
Slot0	769	22	2307	2200	0.953619	0.0286086
Slot0	770	22	2310	2200	0.952381	0.0285714
Slot0	771	22	2313	2200	0.951146	0.0285344
Slot0	772	22	2316	2200	0.949914	0.0284974
Slot0	773	22	2319	2200	0.948685	0.0284605
Slot0	774	22	2322	2200	0.947459	0.0284238
Slot0	775	22	2325	2200	0.946237	0.0283871
Slot0	776	22	2328	2200	0.945017	0.0283505
Slot0	777	22	2331	2200	0.943801	0.028314
Slot0	778	22	2334	2200	0.942588	0.0282776
Slot0	779	23	2337	2300	0.984168	0.029525
Slot0	780	23	2340	2300	0.982906	0.0294872
Slot0	781	23	2343	2300	0.981647	0.0294494
Slot0	782	23	2346	2300	0.980392	0.0294118
Slot0	783	24	2349	2400	1.02171	0.0306513
Slot0	784	24	2352	2400	1.02041	0.0306122
Slot0	785	24	2355	2400	1.01911	0.0305732
Slot0	786	24	2358	2400	1.01781	0.0305344
Slot0	787	24	2361	2400	1.01652	0.0304956
Slot0	788	24	2364	2400	1.01523	0.0304569
Slot0	789	24	2367	2400	1.01394	0.0304183
Slot0	790	25	2370	2500	1.05485	0.0316456
Slot0	791	25	2373	2500	1.05352	0.0316056
Slot0	792	25	2376	2500	1.05219	0.0315657
Slot0	793	25	2379	2500	1.05086	0.0315259
Slot0	794	25	2382	2500	1.04954	0.0314861
Slot0	795	25	2385	2500	1.04822	0.0314465
Slot0	796	25	2388	2500	1.0469	0.031407
Slot0	797	25	2391	2500	1.04559	0.0313676
Slot0	798	25	2394	2500	1.04428	0.0313283
Slot0	799	25	2397	2500	1.04297	0.0312891
Slot0	800	25	2400	2500	1.04167	0.03125
Slot0	801	25	2403	2500	1.04037	0.031211
Slot0	802	25	2406	2500	1.03907	0.0311721
Slot0	803	25	2409	2500	1.03778	0.0311332
Slot0	804	25	2412	2500	1.03648	0.0310945
Slot0	805	25	2415	2500	1.0352	0.0310559
Slot0	806	25	2418	2500	1.03391	0.0310174
Slot0	807	25	2421	2500	1.03263	0.0309789
Slot0	808	25	2424	2500	1.03135	0.0309406
Slot0	809	25	2427	2500	1.03008	0.0309023
Slot0	810	25	2430	2500	1.02881	0.0308642
Slot0	811	25	2433	2500	1.02754	0.0308261
Slot0	812	25	2436	2500	1.02627	0.0307882
Slot0	813	25	2439	2500	1.02501	0.0307503
Slot0	814	25	2442	2500	1.02375	0.0307125
Slot0	815	25	2445	2500	1.02249	0.0306748
Slot0	816	25	2448	2500	1.02124	0.0306373
Slot0	817	25	2451	2500	1.01999	0.0305998
Slot0	818	25	2454	2500	1.01874	0.0305623
Slot0	819	25	2457	2500	1.0175	0.030525
Slot0	820	25	2460	2500	1.01626	0.0304878
Slot0	821	25	2463	2500	1.01502	0.0304507
Slot0	822	25	2466	2500	1.01379	0.0304136
Slot0	823	25	2469	2500	1.01256	0.0303767
Slot0	824	25	2472	2500	1.01133	0.0303398
Slot0	825	25	2475	2500	1.0101	0.030303
Slot0	826	25	2478	2500	1.00888	0.0302663
Slot0	827	25	2481	2500	1.00766	0.0302297
Slot0	828	25	2484	2500	1.00644	0.0301932
Slot0	829	25	2487	2500	1.00523	0.0301568
Slot0	830	25	2490	2500	1.00402	0.0301205
Slot0	831	25	2493	2500	1.00281	0.0300842
Slot0	832	25	2496	2500	1.0016	0.0300481
Slot0	833	25	2499	2500	1.0004	0.030012
Slot0	834	25	2502	2500	0.999201	0.029976
Slot0	835	25	2505	2500	0.998004	0.0299401
Slot0	836	25	2508	2500	0.99681	0.0299043
Slot0	837	25	2511	2500	0.995619	0.0298686
Slot0	838	25	2514	2500	0.994431	0.0298329
Slot0	839	25	2517	2500	0.993246	0.0297974
Slot0	840	25	2520	2500	0.992063	0.0297619
Slot0	841	25	2523	2500	0.990884	0.0297265
Slot0	842	25	2526	2500	0.989707	0.0296912
Slot0	843	25	2529	2500	0.988533	0.029656
Slot0	844	25	2532	2500	0.987362	0.0296209
Slot0	845	25	2535	2500	0.986193	0.0295858
Slot0	846	25	2538	2500	0.985028	0.0295508
Slot0	847	25	2541	2500	0.983865	0.0295159
Slot0	848	25	2544	2500	0.982704	0.0294811
Slot0	849	25	2547	2500	0.981547	0.0294464
Slot0	850	25	2550	2500	0.980392	0.0294118
Slot0	851	25	2553	2500	0.97924	0.0293772
Slot0	852	25	2556	2500	0.978091	0.0293427
Slot0	853	25	2559	2500	0.976944	0.0293083
Slot0	854	25	2562	2500	0.9758	0.029274
Slot0	855	25	2565	2500	0.974659	0.0292398
Slot0	856	25	2568	2500	0.97352	0.0292056
Slot0	857	25	2571	2500	0.972384	0.0291715
Slot0	858	25	2574	2500	0.971251	0.0291375
Slot0	859	25	2577	2500	0.97012	0.0291036
Slot0	860	25	2580	2500	0.968992	0.0290698
Slot0	861	25	2583	2500	0.967867	0.029036
Slot0	862	26	2586	2600	1.00541	0.0301624
Slot0	863	26	2589	2600	1.00425	0.0301275
Slot0	864	26	2592	2600	1.00309	0.0300926
Slot0	865	26	2595	2600	1.00193	0.0300578
Slot0	866	26	2598	2600	1.00077	0.0300231
Slot0	867	26	2601	2600	0.999616	0.0299885
Slot0	868	26	2604	2600	0.998464	0.0299539
Slot0	869	26	2607	2600	0.997315	0.0299194
Slot0	870	26	2610	2600	0.996169	0.0298851
Slot0	871	26	2613	2600	0.995025	0.0298507
Slot0	872	26	2616	2600	0.993884	0.0298165
Slot0	873	26	2619	2600	0.992745	0.0297824
Slot0	874	26	2622	2600	0.991609	0.0297483
Slot0	875	26	2625	2600	0.990476	0.0297143
Slot0	876	26	2628	2600	0.989345	0.0296804
Slot0	877	26	2631	2600	0.988217	0.0296465
Slot0	878	26	2634	2600	0.987092	0.0296128
Slot0	879	26	2637	2600	0.985969	0.0295791
Slot0	880	26	2640	2600	0.984848	0.0295455
Slot0	881	26	2643	2600	0.983731	0.0295119
Slot0	882	26	2646	2600	0.982615	0.0294785
Slot0	883	26	2649	2600	0.981502	0.0294451
Slot0	884	26	2652	2600	0.980392	0.0294118
Slot0	885	26	2655	2600	0.979284	0.0293785
Slot0	886	26	2658	2600	0.978179	0.0293454
Slot0	887	26	2661	2600	0.977076	0.0293123
Slot0	888	26	2664	2600	0.975976	0.0292793
Slot0	889	26	2667	2600	0.974878	0.0292463
Slot0	890	26	2670	2600	0.973783	0.0292135
Slot0	891	26	2673	2600	0.97269	0.0291807
Slot0	892	26	2676	2600	0.971599	0.029148
Slot0	893	26	2679	2600	0.970511	0.0291153
Slot0	894	26	2682	2600	0.969426	0.0290828
Slot0	895	26	2685	2600	0.968343	0.0290503
Slot0	896	26	2688	2600	0.967262	0.0290179
Slot0	897	26	2691	2600	0.966184	0.0289855
Slot0	898	26	2694	2600	0.965108	0.0289532
Slot0	899	27	2697	2700	1.00111	0.0300334
Slot0	900	27	2700	2700	1	0.03
Slot0	901	27	2703	2700	0.99889	0.0299667
Slot0	902	27	2706	2700	0.997783	0.0299335
Slot0	903	27	2709	2700	0.996678	0.0299003
Slot0	904	27	2712	2700	0.995575	0.0298673
Slot0	905	27	2715	2700	0.994475	0.0298343
Slot0	906	27	2718	2700	0.993378	0.0298013
Slot0	907	27	2721	2700	0.992282	0.0297685
Slot0	908	27	2724	2700	0.991189	0.0297357
Slot0	909	27	2727	2700	0.990099	0.029703
Slot0	910	27	2730	2700	0.989011	0.0296703
Slot0	911	27	2733	2700	0.987925	0.0296378
Slot0	912	27	2736	2700	0.986842	0.0296053
Slot0	913	27	2739	2700	0.985761	0.0295728
Slot0	914	27	2742	2700	0.984683	0.0295405
Slot0	915	27	2745	2700	0.983607	0.0295082
Slot0	916	27	2748	2700	0.982533	0.029476
Slot0	917	27	2751	2700	0.981461	0.0294438
Slot0	918	27	2754	2700	0.980392	0.0294118
Slot0	919	27	2757	2700	0.979325	0.0293798
Slot0	920	27	2760	2700	0.978261	0.0293478
Slot0	921	27	2763	2700	0.977199	0.029316
Slot0	922	27	2766	2700	0.976139	0.0292842
Slot0	923	27	2769	2700	0.975081	0.0292524
Slot0	924	27	2772	2700	0.974026	0.0292208
Slot0	925	27	2775	2700	0.972973	0.0291892
Slot0	926	27	2778	2700	0.971922	0.0291577
Slot0	927	27	2781	2700	0.970874	0.0291262
Slot0	928	27	2784	2700	0.969828	0.0290948
Slot0	929	27	2787	2700	0.968784	0.0290635
Slot0	930	27	2790	2700	0.967742	0.0290323
Slot0	931	27	2793	2700	0.966702	0.0290011
Slot0	932	27	2796	2700	0.965665	0.02897
Slot0	933	27	2799	2700	0.96463	0.0289389
Slot0	934	27	2802	2700	0.963597	0.0289079
Slot0	935	27	2805	2700	0.962567	0.028877
Slot0	936	28	2808	2800	0.997151	0.0299145
Slot0	937	28	2811	2800	0.996087	0.0298826
Slot0	938	29	2814	2900	1.03056	0.0309168
Slot0	939	29	2817	2900	1.02946	0.0308839
Slot0	940	29	2820	2900	1.02837	0.0308511
Slot0	941	29	2823	2900	1.02728	0.0308183
Slot0	942	29	2826	2900	1.02619	0.0307856
Slot0	943	29	2829	2900	1.0251	0.0307529
Slot0	944	29	2832	2900	1.02401	0.0307203
Slot0	945	29	2835	2900	1.02293	0.0306878
Slot0	946	29	2838	2900	1.02185	0.0306554
Slot0	947	29	2841	2900	1.02077	0.030623
Slot0	948	29	2844	2900	1.01969	0.0305907
Slot0	949	29	2847	2900	1.01862	0.0305585
Slot0	950	29	2850	2900	1.01754	0.0305263
Slot0	951	29	2853	2900	1.01647	0.0304942
Slot0	952	29	2856	2900	1.01541	0.0304622
Slot0	953	29	2859	2900	1.01434	0.0304302
Slot0	954	29	2862	2900	1.01328	0.0303983
Slot0	955	29	2865	2900	1.01222	0.0303665
Slot0	956	29	2868	2900	1.01116	0.0303347
Slot0	957	29	2871	2900	1.0101	0.030303
Slot0	958	29	2874	2900	1.00905	0.0302714
Slot0	959	29	2877	2900	1.00799	0.0302398
Slot0	960	29	2880	2900	1.00694	0.0302083
Slot0	961	29	2883	2900	1.0059	0.0301769
Slot0	962	29	2886	2900	1.00485	0.0301455
Slot0	963	29	2889	2900	1.00381	0.0301142
Slot0	964	29	2892	2900	1.00277	0.030083
Slot0	965	29	2895	2900	1.00173	0.0300518
Slot0	966	29	2898	2900	1.00069	0.0300207
Slot0	967	29	2901	2900	0.999655	0.0299897
Slot0	968	29	2904	2900	0.998623	0.0299587
Slot0	969	29	2907	2900	0.997592	0.0299278
Slot0	970	29	2910	2900	0.996564	0.0298969
Slot0	971	29	2913	2900	0.995537	0.0298661
Slot0	972	29	2916	2900	0.994513	0.0298354
Slot0	973	29	2919	2900	0.993491	0.0298047
Slot0	974	29	2922	2900	0.992471	0.0297741
Slot0	975	29	2925	2900	0.991453	0.0297436
Slot0	976	29	2928	2900	0.990437	0.0297131
Slot0	977	29	2931	2900	0.989423	0.0296827
Slot0	978	29	2934	2900	0.988412	0.0296524
Slot0	979	29	2937	2900	0.987402	0.0296221
Slot0	980	29	2940	2900	0.986395	0.0295918
Slot0	981	29	2943	2900	0.985389	0.0295617
Slot0	982	29	2946	2900	0.984386	0.0295316
Slot0	983	29	2949	2900	0.983384	0.0295015
Slot0	984	29	2952	2900	0.982385	0.0294715
Slot0	985	29	2955	2900	0.981387	0.0294416
Slot0	986	29	2958	2900	0.980392	0.0294118
Slot0	987	29	2961	2900	0.979399	0.029382
Slot0	988	30	2964	3000	1.01215	0.0303644
Slot0	989	30	2967	3000	1.01112	0.0303337
Slot0	990	30	2970	3000	1.0101	0.030303
Slot0	991	30	2973	3000	1.00908	0.0302725
Slot0	992	30	2976	3000	1.00806	0.0302419
Slot0	993	30	2979	3000	1.00705	0.0302115
Slot0	994	30	2982	3000	1.00604	0.0301811
Slot0	995	30	2985	3000	1.00503	0.0301508
Slot0	996	30	2988	3000	1.00402	0.0301205
Slot0	997	30	2991	3000	1.00301	0.0300903
Slot0	998	30	2994	3000	1.002	0.0300601
Slot0	999	30	2997	3000	1.001	0.03003
Slot0	1000	30	3000	3000	1	0.03
